1 -85.32412	-44.339127	30.005964 FP1	
2 -84.025856 43.664482	29.549406 FP2	
3 -59.978779 -53.195351	50.728649 F3	
4 -58.424206 51.816593	49.413826 F4
5 0	-65.326363 65.326363 C3	
6 0	64.877968 64.877968 C4	
7 62.479053	-55.412853	52.843323 P3
8 62.800518	55.69796 53.115208 P4	
9 68.052437	-30.383457 69.273476 O1	
10 68.137329 30.421362 69.359894 O2	
11 -52.978313 -72.915024 0 F7	
12 -52.323166 72.013336 0 F8	
13 -26.177427 -80.573959 0 T7	
14 -25.597992 78.790459 0 T8	
15 53.021603 -72.974609	0 P7	
16 53.655941 73.847664 0 P8	
17 -70.872986 0 70.872986 Fz	
18 0 0 96.713348 Cz	
19 72.657974 0 72.657974 Pz	
20 -33.613571 -33.885632 80.764503 FC1	
21 -33.307201 33.576782 80.028381 FC2
22 35.883129 -36.173561	86.217659 CP1	
23 35.866917 36.157215 86.178703 CP2	
24 -30.2304	-60.433727 59.802048 FC5	
25 -29.686468 59.346352	58.726032 FC6	
26 29.071089 -80.073318	32.851063 CP5		
27 29.13736	80.255852 32.925949 CP6